3
3
Team1
0
4 0 0 0 0 
11 8 13 8 15 11 5 1 0 0 0 0 
11 1 1 1 1 1 1 1 0 0 0 0 
0 
0 
3 1 1 1 
102
0
3
4 0 0 0 0 
11 0 0 0 0 0 0 0 0 0 0 0 

Team2
1
4 0 0 0 0 
11 8 13 8 15 11 5 1 0 0 0 0 
11 1 1 1 1 1 1 1 0 0 0 0 
0 
0 
3 1 1 1 
102
0
3
4 0 0 0 0 
11 0 0 0 0 0 0 0 0 0 0 0 

Team3
2
4 0 0 0 0 
11 0 0 0 0 0 0 0 0 0 0 0 
11 1 1 1 1 1 1 1 0 0 0 0 
0 
0 
3 0 0 0 
100
0
3
4 0 0 0 0 
11 0 0 0 0 0 0 0 0 0 0 0 

0
11 0 0 0 0 0 0 0 0 0 0 0 
11 0 0 0 0 0 0 0 0 0 0 0 
3 1000 1000 1000 
3

1
11 0 0 0 0 0 0 0 0 0 0 0 
11 0 0 0 0 0 0 0 0 0 0 0 
3 1000 1000 1000 
3

2
11 0 0 0 0 0 0 0 0 0 0 0 
11 0 0 0 0 0 0 0 0 0 0 0 
3 1000 1000 1000 
3

3
11 0 0 0 0 0 0 0 0 0 0 0 
11 0 0 0 0 0 0 0 0 0 0 0 
3 1000 1000 1000 
3

