5
3
Team1
0
4 0 0 0 0 
11 0 0 0 0 0 0 0 0 0 0 0 
11 1 1 1 1 1 1 1 0 0 0 0 
0 
0 
3 0 0 0 
1
1
3
4 0 0 0 0 
11 0 0 0 0 0 0 0 0 0 0 0 

Team2
1
4 0 0 0 0 
11 32 58 32 62 46 26 6 0 0 0 0 
11 1 1 1 1 1 1 1 0 0 0 0 
0 
0 
3 0 0 1 
104
0
3
4 0 0 0 0 
11 0 0 0 0 0 0 0 0 0 0 0 

Team3
2
4 0 0 0 0 
11 8 16 8 16 12 8 2 0 0 0 0 
11 1 1 1 1 1 1 1 0 0 0 0 
0 
0 
3 0 0 0 
102
0
3
4 0 0 0 0 
11 0 0 0 0 0 0 0 0 0 0 0 

0
11 0 0 0 0 0 0 0 0 0 0 0 
11 0 0 0 0 0 0 0 0 0 0 0 
3 1000 1000 1000 
3

1
11 0 0 0 0 0 0 0 0 0 0 0 
11 0 0 0 0 0 0 0 0 0 0 0 
3 1000 1000 1000 
3

2
11 0 0 0 0 0 0 0 0 0 0 0 
11 0 0 0 0 0 0 0 0 0 0 0 
3 1000 1000 1000 
3

3
11 0 0 0 0 0 0 0 0 0 0 0 
11 0 0 0 0 0 0 0 0 0 0 0 
3 1000 1000 1000 
3

